00000000000000000000000000000000000000000000000000000000100101000100000000000000000000000000000000000000011000011001
00000000000000000000000000000000000000000000000000011000000000001000000000000000000000000000000000000010100000000010
00000000000000000000000000000000000000000000000001000000000000000000000000000000000000000000000011111100000000000100
00000000000000000000000000000000000000000000000000000001000000000000000000000000001000000100000100000000000111100000
00010011000100000000000000000000000000000001010000000000000000000000000000000000000000000000110000000001000000000000
10000000001000000000000000000000000000000000001000000000000000000010000000000000000000000000001000000000000000000000
00000000000000000000000000000000100000010000000000000000000000000000000000111110000100000011000000000000000000000000
00000000000000000000000000000001010100100000100000000000000000000000000000000000000011011000000000000000000000000000
00000000000000000000000000000110001010000000000000000000000000000000000000000001110000100000000000000000000000000000
00000000000000000000111110000000000000000000000000000000000000000001101011000000000000000000000000000000000000000000
00100000000000000111000000000000000000000000000000000000000000000000010100000000000000000000000000000000000000000000
00000000000000110000000000101000000000000000000110000110000000110000000000000000000000000000000000000000000000000000
00000000000000000000000001010000000001001110000000100000011010000000000000000000000000000000000000000000000000000000
01000000110000001000000000000000000000000000000000000000000000000000000000000000000000000000000000000000000000000000
00000000000001000000000000000000000000000000000000000000000000000000000000000000000000000000000000000000000000000000
00001000000010000000000000000000000000000000000000000000000000000000000000000000000000000000000000000000000000000000
00000100000000000000000000000000000000000000000000000000000000000000000000000000000000000000000000000000000000000000
